amount=1emission rate=0.0life=1.25fade=0.500000area=0.000000size=4.000000size variance=1.000000lux=trueweight=0.000000move=true,2.000000explode=false,0.000000scale=true,4.000000rotate=false,0.000000
speed=0anim=false,Data/Images/puff.png